4 4
10 9 8 7
9 8 7 6
8 7 6 5
7 6 5 4

2 2
10 9
9 8


2 18
98 91 89 80 76 74 65 58 50 49 44 32 26 23 17 15 14 8
95 91 83 82 70 67 65 55 54 50 41 27 22 20 14 10 7 3

4 5
50 45 37 32 30
35 50 40 20 25
30 30 25 17 28
27 24 22 15 10

5 5
27 26 25 24 23
28 29 30 31 22
17 18 19 20 21
16 32 33 34 35
15 14 13 12 11

7 7
100 33 58 59 61 31 30
74 31 55 62 70 70 29
73 98 49 47 11 10 36
62 59 56 45 44 8 7
59 58 54 53 41 7 3
56 32 29 18 40 4 3
34 31 26 40 39 73 1

4 4
93 72 61 58
90 73 19 49
85 36 75 13
21 41 45 7

4 5
50 45 37 32 30
35 50 40 20 25
30 30 25 17 28
27 24 22 15 10


15 15
29 28 27 26 25 24 23 22 21 20 19 18 17 16 15
28 27 26 25 24 23 22 21 20 19 18 17 16 15 14
27 26 25 24 23 22 21 20 19 18 17 16 15 14 13
26 25 24 23 22 21 20 19 18 17 16 15 14 13 12
25 24 23 22 21 20 19 18 17 16 15 14 13 12 11
24 23 22 21 20 19 18 17 16 15 14 13 12 11 10
23 22 21 20 19 18 17 16 15 14 13 12 11 10 9
22 21 20 19 18 17 16 15 14 13 12 11 10 9 8
21 20 19 18 17 16 15 14 13 12 11 10 9 8 7
20 19 18 17 16 15 14 13 12 11 10 9 8 7 6
19 18 17 16 15 14 13 12 11 10 9 8 7 6 5
18 17 16 15 14 13 12 11 10 9 8 7 6 5 4
17 16 15 14 13 12 11 10 9 8 7 6 5 4 3
16 15 14 13 12 11 10 9 8 7 6 5 4 3 2
15 14 13 12 11 10 9 8 7 6 5 4 3 2 1


https://www.acmicpc.net/problem/1520